476901 361526.1 252766 259720.4 326148.5
423834.6 557469.6 699389.9 791842.7 933888.6
954379.7 943195.4 847894.2 653381.5 519411.3
578325.8 836249.6 1155003 1315486 1384151
1454212 1338708 1071443 1203764 1884016
2826753 3817944 4740795 5745627 6353446
6362168 6093631 5189514 4012047 2721688
1654012 1359197 1416969 1400396 1014111
466648.2 516827.7 835211.6 812114.9 534495.9
651995.1 1366737 1665271 1333772 787949.5
697250.9 1447980 2886160 4344675 4876516
4240981 2466633 744284 677145.6 422953.6
452985.4 518972.6 370785.1 540783.9 569996.1
712635.9 492185.2 1246467 1852431 1136702
311147.8 326498.5 506353.4 400385.8 227214.6
370352.6 843730.1 1811433 1130542 365924.6
400394.6 348644.1 235155.5 342175.1 561452.6
3165317 6753873 2800393 857858.3 650976.5
710571.3 1099439 1246767 301605.4 184154.3
154504.2 945873.7 800155.6 303679.6 202966.7
496451.3 1125306 570658.9 295219.9 373223.9
456239.4 280652.9 351038.5 265938.9 140375.2
112659.7 158595.4 121764.9 228554.7 278083.8
305358.3 476873.4 165215.6 261789.8 95725.23
90504.25 154804 79761.11 119837 113871.5
70886.45 173680 141959.2 99584.35 105293
54066.32 60266.6 94128.4 87302.05 52803.8
50022.17 63461.69 20869.18 25531.36 27090.47
25650.42 30874.06 38070.58 30308.98 42136.25
46805.56 66259.06 111302.8 168918.9 1461372
171513.6 99932.25 58276.92 46263.35 48316.1
37467.72 39053.15 28003.82 26696.55 24244.02
38100.65 35725.69 42514.42 28974.21 30496.21
44926.11 29951.92 35128.86 35919.48 38275.16
45450.3 47084.74 43757.89 108130.4 64146.09
81729.72 44798.31 42189.76 33464.81 44587.73
41519.75 50199.48 43989.17 45125 44450.77
58799.11 85190.3 84246.69 38684.93 168589.1
315532.4
